24 57
-48 70
-50 85
-55 20
-12 25
-63 64
16 61
-91 67
-68 38
-29 38
7 24
-41 -37
-13 -3
-62 41
-62 55
-73 -56
94 41
-5 -49
16 -37
3 93
32 32
-22 -62
32 -13
79 61
-9 57
-41 -35
-62 -67
96 38
-85 62
-45 -97
47 64
-17 71
-63 41
36 41
-12 10
-74 25
16 71
-12 19
29 -78
61 85
-62 14
-96 10
61 -10
-63 -17
-96 80
89 -47
-9 -10
94 62
35 24
61 -48
-63 -78
96 25
85 56
-55 9
-96 24
-96 0
-68 -25
-17 24
-55 56
-5 -74
-13 19
88 68
30 24
30 17
-73 20
-88 -97
-68 62
89 25
57 -56
32 25
-9 -56
-35 -97
-88 17
90 -10
24 -25
-17 14
88 10
-96 -74
-22 40
-48 50
-75 24
-35 -48
-22 80
-50 1
-88 64
-5 -20
61 70
-11 64
7 9
-96 -25
3 19
-11 -25
-88 -47
-93 -49
3 -64
47 20
-75 67
-96 -56
-62 -33
-63 -32
