-958 -761
632 -617
632 -152
-289 -319
354 302
54 -182
48 203
717 -340
64 45
-477 -934
-38 -859
-99 712
591 -313
745 701
-554 -951
933 585
498 407
40 488
-375 -425
990 -382
878 180
354 -633
-241 340
-149 739
159 834
380 834
-436 412
23 207
-496 -319
24 -6
-997 609
-803 -775
-872 434
-289 -368
789 -532
-13 -948
-752 -110
801 207
682 945
-75 963
-75 907
201 -585
-373 -210
-163 -646
-240 -921
-995 488
-450 976
569 -948
602 180
376 623
143 -284
75 727
-968 -86
-286 -659
927 -366
64 -504
244 327
-803 857
874 585
-756 -290
248 -382
924 946
-375 516
691 937
717 -295
85 665
553 652
8 737
23 -618
674 687
691 10
648 88
248 -135
-436 284
709 -590
-192 -214
341 939
608 -135
-75 842
64 36
487 -713
720 29
569 -181
-654 688
-513 -178
-697 -816
-678 -728
-684 623
683 -951
130 587
187 98
48 937
-872 739
-300 -934
-300 727
601 -419
762 774
-614 -638
509 665
-614 -21
-697 284
143 907
885 994
-808 66
-513 352
-824 -544
-716 -464
-893 834
31 57
-995 -191
586 -362
-440 976
512 -68
284 -460
64 211
44 -334
482 -653
332 -108
63 736
-525 479
924 -558
868 369
-756 29
736 -86
674 66
602 154
812 798
223 340
-400 36
-778 -599
-775 -181
-263 -532
5 -531
-381 -910
-654 665
-171 -653
-450 317
-488 848
498 628
223 110
210 -374
-488 -702
-815 739
885 17
885 982
868 998
906 299
-47 587
-873 -702
44 -68
-440 -697
-373 740
927 -675
842 -6
-450 -481
210 -205
736 203
632 782
-32 -744
383 17
762 -303
-38 124
19 699
187 -148
278 -509
-964 -366
117 -643
54 124
-928 854
-403 699
-513 921
-440 -981
-257 994
78 522
319 -334
149 195
-334 317
502 514
-75 477
917 -651
-75 -981
-752 736
-554 511
48 -715
505 -112
167 -531
-683 124
-758 -816
236 514
24 -148
-496 528
-353 -950
569 768
19 933
-194 -903
-38 -816
868 302
-513 951
197 -903
-875 -675
-480 842
573 -544
-899 736
85 357
244 -382
-13 441
321 -86
-623 -481
187 -421
5 426
-824 -108
-270 677
-974 106
-928 -178
601 -775
-157 180
-301 -540
75 687
-488 -110
347 -531
-74 -633
-638 101
-746 -301
550 -301
-916 623
-711 203
775 -189
-746 10
-497 -229
-525 -72
201 -68
-334 -200
-105 10
801 322
-503 528
-88 623
-480 -951
-964 -969
432 -162
234 -205
60 -963
234 -135
-105 -659
-997 180
163 -540
878 -768
-928 945
-623 779
-678 -108
194 -295
304 211
127 -148
491 -492
-875 935
-436 299
-136 937
249 -313
85 982
22 677
526 768
-485 -653
-105 -460
487 -761
64 348
248 -72
465 688
-286 -21
701 -438
21 -110
-683 302
816 -366
-136 -423
-241 7
509 -859
-716 -544
31 -205
638 -509
127 -492
730 -200
75 -362
-136 787
648 976
-171 -596
-38 -851
92 327
75 -638
683 779
388 -987
-995 768
-330 -854
-684 -339
-485 352
321 652
-758 -659
-498 755
-477 68
-136 438
223 511
-300 369
565 652
885 937
-473 528
990 -712
683 952
-995 -460
223 2
-442 -646
278 736
-597 -425
874 -715
-497 490
-215 744
709 262
-241 434
553 -290
498 755
-327 -987
674 -481
-525 -189
-192 628
-684 319
-263 369
-513 236
322 -596
-678 503
648 -590
223 787
-108 479
-702 -312
-824 -678
-134 503
-872 217
553 -229
975 98
332 -81
-638 231
-277 994
171 -713
878 -950
-995 514
-215 -110
432 -108
249 217
54 -653
321 791
570 -912
465 110
-697 101
-442 -170
130 522
-968 516
-893 -464
370 -75
275 -460
-401 -425
842 740
-32 357
729 -170
331 88
-498 854
-873 -210
-808 154
78 740
-497 346
-980 2
63 -295
-442 -599
-525 874
878 -284
550 779
736 966
840 -532
674 -205
322 -162
303 665
54 211
-210 -636
-808 874
-746 -768
-702 935
990 7
-136 -42
-867 398
-401 -182
-401 861
817 -229
-659 609
-116 -702
321 -662
-131 937
159 -284
40 262
341 -585
840 907
-131 701
-381 -678
586 688
23 712
573 -854
989 -532
917 -423
-400 -449
789 -711
-781 262
249 -997
92 -162
683 413
-134 -339
-153 418
841 921
817 -728
-893 -910
-498 66
303 861
252 -509
92 346
-241 101
-958 937
-496 412
-659 994
917 -633
989 407
-241 -6
526 299
-525 921
-809 -565
-451 36
720 -599
24 935
-498 231
-375 -851
-474 -617
-88 327
-597 -646
-974 -565
745 -112
-873 -921
-485 939
745 -939
885 -6
730 211
-436 -987
78 36
701 -651
-300 -297
-890 418
-614 -859
64 101
-867 514
-99 -948
-75 712
248 -15
-171 195
975 -108
332 441
167 -636
-191 -678
249 834
-330 -419
-18 677
319 -728
-18 -618
-893 66
-623 -878
-450 -340
-134 -643
989 -643
171 317
-858 703
-347 -362
-373 -969
-403 -191
-74 -987
-18 727
-163 -912
990 -374
745 -950
942 -939
-781 857
-401 -675
332 -514
-149 -987
-623 -182
550 -21
133 889
-968 -854
275 327
570 316
733 -200
550 616
927 -86
-714 207
-210 798
383 739
-496 744
975 322
-116 770
-451 750
-473 703
-164 -636
-890 -768
862 -108
-803 -638
54 262
60 991
322 701
284 -319
745 -378
775 -851
163 -108
-47 798
22 -590
817 -596
-373 -481
801 703
-347 -449
502 -675
942 151
54 -662
63 -368
8 340
-263 319
236 -643
-191 791
-974 945
-997 -312
-381 -921
730 994
862 770
-88 -189
49 991
134 -921
268 782
5 739
252 528
-525 -878
24 -851
-697 842
608 -21
945 -531
550 -887
975 -38
-134 -181
21 207
-136 -237
-47 384
701 816
-858 522
638 490
321 -423
-974 -492
-436 -590
332 438
-375 -540
-210 151
-873 -81
75 357
729 -568
878 -17
-149 -950
602 -646
143 -374
24 -514
347 -81
8 -859
906 -184
736 677
-638 699
-281 727
-108 -421
762 688
347 284
868 -460
924 231
-474 -313
-301 782
876 10
380 -887
-702 45
-899 -178
-400 -697
92 736
733 -531
252 677
78 -438
268 874
-387 316
720 385
-327 -374
817 207
765 665
491 750
-496 -301
762 946
492 -81
-474 -21
-815 -492
-888 736
369 -846
-872 418
583 -646
862 699
683 -17
660 994
-401 -981
40 29
565 434
-485 -659
130 -301
717 36
-928 348
-752 -636
573 302
210 -152
-497 945
942 -558
-400 217
632 -319
-498 -662
-513 -775
187 587
842 952
500 834
765 154
-498 587
376 106
-858 357
-210 939
505 687
-334 -921
-893 -728
862 712
252 434
762 -585
-714 874
-474 322
-684 -715
370 907
-88 433
648 699
931 890
268 195
945 -334
648 -934
-270 861
23 798
-257 870
-191 -851
512 -374
-210 -878
569 234
-347 -191
-638 -210
-451 -531
-261 779
380 -162
-105 991
-614 -712
-261 327
-958 770
701 -51
933 262
586 951
-758 316
862 -659
602 -229
-171 -509
-815 -878
-436 935
388 -643
762 870
-683 -565
-210 -449
526 -438
210 -659
933 -229
691 -210
-105 737
553 951
917 623
133 -997
-756 348
-164 514
-381 -68
-756 907
-809 511
-875 758
733 -761
-289 503
-149 317
-52 -191
-488 -438
244 652
-226 994
945 316
-778 441
-215 834
388 352
801 -969
-781 327
942 -851
-997 -963
-164 -464
-477 -368
816 -715
553 -200
-226 -438
-347 -184
268 340
931 -997
565 -181
23 385
-163 203
-286 -921
-778 848
-194 842
-758 -950
-327 874
989 933
370 231
-450 -854
369 -912
729 699
701 963
-659 207
-808 890
171 737
505 101
842 854
933 -903
591 319
-381 479
-762 -200
-136 384
482 758
-257 477
60 -339
-387 234
917 -421
-980 -854
303 490
194 -378
-473 -290
63 -903
-134 -565
223 -205
332 585
-762 -214
682 688
-38 398
-997 -953
-164 727
565 -378
-347 -421
376 284
92 -675
-263 -205
-289 -912
569 750
989 384
49 -334
-192 348
-752 57
-163 -449
717 937
163 -284
917 57
31 488
885 236
383 369
-105 774
-711 -987
-281 327
498 -303
-52 -854
-403 -72
31 -366
-697 -303
-554 933
354 -509
201 -713
369 842
-775 687
31 609
601 -617
591 -509
-281 407
-286 750
252 -237
492 -368
-108 -744
-778 -859
-716 -295
583 770
682 -921
-450 -618
-99 890
252 -953
85 -214
701 774
-153 29
-157 -859
862 433
49 -504
-809 736
-968 -712
812 369
-240 727
691 106
-451 -425
117 -295
304 -951
-477 857
21 -540
-157 699
-277 -817
487 -951
602 407
487 945
-400 665
526 -544
717 -599
244 426
-488 628
369 110
682 -768
565 -617
502 68
78 -963
5 -191
-381 816
322 842
989 -51
-858 -646
465 -312
927 217
775 413
586 744
-474 66
-186 739
197 799
841 385
-968 106
-554 768
-702 477
-99 -712
149 798
502 -75
-762 -464
709 -912
48 -816
341 426
502 799
601 511
304 -514
380 88
492 490
550 477
-186 66
841 346
370 585
762 -425
775 -200
-153 -425
-824 616
-752 907
-353 511
-890 736
127 110
249 -568
732 -617
550 628
-442 -297
-116 -464
49 779
22 -21
512 966
303 -189
369 -997
341 154
21 665
500 -184
-153 -184
-503 -15
-477 -711
498 976
816 854
-654 889
840 -859
927 234
-387 -184
709 -744
133 -75
303 488
-485 -214
-872 98
92 472
-442 744
509 741
-824 982
-403 -295
60 -81
-373 412
432 -697
632 -334
44 29
-450 -178
502 7
143 -148
482 -939
-893 106
149 889
-263 616
63 -851
-300 352
569 -934
-440 -17
-99 -42
24 -377
878 -744
608 -596
-13 -205
331 -921
720 -15
732 -702
492 66
-451 2
304 744
201 98
683 946
8 -969
736 -438
-451 921
-210 -817
-477 650
-916 348
-164 870
-775 -768
-270 151
244 522
842 -191
989 316
63 966
133 124
906 68
553 10
331 434
275 -419
304 -854
812 952
-964 -170
906 441
8 758
583 299
498 151
990 -568
509 -68
171 -181
931 -643
816 963
-867 -290
248 -651
187 -229
601 -15
733 -953
49 787
249 946
-714 -184
369 727
236 -170
331 -532
-353 755
383 -702
729 -438
801 -17
-473 -934
840 -38
942 357
-191 -135
-778 854
-496 -189
-683 322
745 -38
816 -334
23 -378
876 217
601 935
701 262
-867 874
5 195
171 -558
-131 874
252 -540
149 848
602 998
-149 857
-381 -419
842 503
167 88
591 -744
