32 10 -85
-39 56 -22
-51 10 -89
66 10 -72
34 9 46
51 -6 35
2 -34 -97
32 31 -34
51 -12 35
59 10 -60
-4 -6 -89
-72 -38 -57
-16 10 -79
66 57 84
-27 95 84
-4 -71 -68
-73 10 84
76 -34 53
53 -12 -22
66 -19 -72
-16 -12 2
76 22 -72
-27 -38 84
15 53 -85
13 9 -11
-16 31 -92
-72 -12 -62
13 -38 -57
15 57 -62
34 80 -68
59 -84 2
51 -8 -68
76 22 -97
55 -79 -34
-80 -6 -57
-51 -94 46
-73 56 35
-72 57 -44
55 22 -14
44 -12 32
-80 10 -43
-27 56 35
55 -12 -57
-83 9 32
13 95 -72
-20 -84 -62
-72 31 46
-39 -25 -22
55 -71 53
66 65 -11
-39 10 -44
55 9 21
13 -84 -57
-16 56 -44
55 -84 -22
53 -94 -44
-4 22 -72
-27 -84 26
-4 9 -85
-99 -12 -34
-73 -19 -31
71 61 21
-80 53 -72
95 53 -85
66 -84 -79
55 56 -72
-99 56 -62
-73 28 -72
66 22 -14
-83 -71 35
53 10 -22
-99 22 2
-4 -8 -60
-20 -38 -34
15 57 -43
15 -25 35
59 -12 84
95 -12 -43
59 56 46
-83 22 -34
34 22 -97
-72 -34 84
-4 -25 -11
95 -71 -60
-80 57 -22
2 -19 32
15 -79 -57
55 -38 -62
32 -71 -43
55 -25 -57
66 56 -92
71 22 -92
66 -57 -11
55 -6 -92
71 -34 53
34 95 -85
55 80 26
76 -12 -92
44 80 -57
76 -84 -14
32 80 -85
-20 10 -89
-27 10 -62
76 -25 -85
51 -16 -89
76 -57 21
-80 -79 -92
59 -34 -44
-51 -79 -92
-99 -8 26
-83 95 -92
-83 -12 -22
32 -34 84
-20 31 26
32 -84 -62
2 57 -79
34 56 32
15 57 84
-16 53 -89
2 57 -11
2 31 -62
71 -6 26
44 57 26
-39 -12 21
2 -57 -79
13 31 -92
2 -34 -22
76 -8 26
95 57 35
-20 61 -31
13 -79 -22
-39 53 -68
32 -19 2
-16 10 2
95 -6 -57
55 -19 26
34 -8 -43
-27 -12 -68
-83 -79 -11
71 -38 -85
76 -8 -92
76 28 2
-27 61 -62
-80 31 -31
13 10 -72
55 -38 -43
32 -38 -62
53 10 -68
-4 61 -22
-51 56 -60
-80 80 -68
34 -57 -97
-16 -8 -68
76 65 -44
-20 80 -22
-51 -84 -79
-4 -25 46
71 53 32
95 61 -92
-27 61 35
51 -12 -97
15 -8 -97
-72 61 84
-80 -71 46
2 -57 -72
44 -12 -72
13 31 53
55 57 21
-99 22 53
2 -16 -92
55 -34 -34
32 22 26
-72 -16 -89
-20 56 -68
15 65 -22
-80 65 84
59 95 2
-83 -84 -34
44 57 -97
13 22 -43
-80 -71 84
-4 10 53
32 95 26
-99 95 -44
59 22 -92
95 -71 84
15 -19 -60
-20 -57 -79
71 -16 -62
2 95 -97
66 65 26
-83 -6 -57
13 -94 -14
66 57 -79
53 -25 -43
-39 -34 -43
66 -6 -43
-4 -16 -57
-73 -94 -34
-73 -8 32
51 61 -85
32 80 -72
51 -12 -72
-39 -94 35
71 53 2
-73 -16 -72
-39 -12 -11
44 10 -44
32 -6 26
32 -94 -31
95 -94 -44
-20 -94 32
-16 65 84
66 22 26
2 -84 26
13 -19 84
-83 56 -43
34 31 -62
-83 -19 32
-83 -71 84
53 -38 53
-4 80 46
76 9 84
95 -34 -62
53 61 35
53 95 -89
59 57 -14
-72 28 -85
-99 10 21
53 61 -31
59 95 -44
2 28 -92
-27 10 -89
-51 61 -22
66 -71 -72
-99 -34 35
32 95 35
44 -12 -14
32 31 84
15 80 -92
-72 -57 -68
55 -16 35
59 56 -34
32 -84 -57
-39 56 -72
-99 -12 -22
-80 -12 -22
34 9 -34
-20 61 -92
55 95 -34
-51 -8 -34
-80 -25 2
-39 9 53
59 -34 -31
-20 57 -89
-20 -8 -34
34 95 32
2 10 -72
53 -38 46
15 -12 35
66 65 46
-80 -25 -72
95 28 -43
-83 10 -85
-39 -79 -68
51 80 -97
-80 -79 -62
53 22 -68
95 -12 84
34 28 46
51 -71 -92
-72 22 -34
-83 -16 -14
34 95 26
55 -16 -11
-83 -12 21
-80 53 -34
34 22 2
15 -19 -11
-73 -12 84
-73 61 26
51 28 46
-51 -71 -22
2 -34 -92
-4 -57 53
-27 -25 -85
76 -38 -43
15 -8 -11
51 -19 35
71 31 -85
-4 -94 -60
95 22 -72
13 56 -14
-72 61 -68
51 22 -68
55 31 -11
76 -57 26
32 80 -92
-20 22 -89
-39 61 84
95 -6 -72
-39 -12 -34
-80 80 -62
15 95 26
15 9 -89
-99 -38 -34
-4 80 -60
-27 -57 -57
-16 9 84
53 65 -11
66 53 21
66 -57 -57
95 22 -34
-51 10 -31
95 57 -62
95 80 -14
-99 57 -57
76 -71 -68
-51 53 -68
-20 -6 -57
-51 -57 26
53 28 -43
44 22 -44
34 57 -72
32 22 -31
55 -6 -68
-83 -79 -97
66 -38 -62
-83 -25 -31
34 -12 -89
-20 -38 -89
-39 -6 -62
55 -19 21
2 28 -89
2 28 -79
-99 -38 -89
13 -6 -22
53 -84 -44
-39 22 32
66 -16 -79
-39 28 -11
-80 10 -11
76 -8 -79
-72 -79 21
59 31 -11
-83 28 -68
76 -19 -68
34 22 -85
32 -94 -22
59 9 -31
-72 22 32
-16 57 26
66 28 -89
51 31 -57
76 61 -34
-27 -84 35
55 -19 -57
53 -84 -43
59 -38 -57
-27 -8 -14
15 95 53
2 9 26
66 95 -57
32 61 -85
71 80 53
-80 -84 -60
34 31 84
-16 31 -14
-4 -8 53
44 -94 84
59 -57 -31
-20 65 84
15 -6 -97
-73 65 53
95 65 -11
32 -6 -62
-80 -71 -44
55 -34 21
-73 28 32
-4 -57 -31
2 10 -14
71 9 -72
2 -8 -11
34 -8 -79
51 10 2
-51 -94 -11
-51 22 84
44 -8 -14
66 -94 -97
95 28 35
-39 22 -43
-51 80 46
76 -71 -85
55 -12 -22
-83 9 -14
-16 56 46
-72 57 -89
71 -38 -31
66 -57 -85
76 31 -79
44 -38 2
59 -38 -44
51 -38 -57
44 9 -92
15 -8 84
59 53 46
66 65 -22
-99 -25 -72
34 -79 53
32 -6 -97
71 -25 32
-99 -25 -68
71 28 -72
-20 -8 -92
32 53 21
2 57 46
59 -71 32
2 -19 -89
-80 -12 -62
13 56 32
53 -57 -68
-73 -6 -57
-39 -57 -22
-20 28 -22
-4 -6 -22
-73 -8 2
15 -79 26
2 28 -68
-72 -19 26
-16 31 -79
-20 57 -92
51 -94 -79
-16 31 26
55 -19 -60
66 53 -97
59 28 -34
-72 9 -22
-73 65 -14
59 -34 -34
-80 -16 53
44 -57 -89
-83 57 -79
15 -84 -89
51 -34 -89
76 -71 -72
44 -38 -89
55 -25 26
-80 -6 35
-99 28 -92
32 9 -57
76 28 21
-39 -12 -92
-72 -16 53
-27 56 32
-16 -25 46
59 57 -97
32 56 -72
-51 -38 -85
34 80 -85
-20 -12 21
13 -71 -43
-27 -79 46
-16 -12 -34
-72 -6 35
-51 22 53
51 80 -62
76 31 35
55 53 -72
-16 -8 -44
95 -94 -97
32 -6 -72
59 56 -72
95 31 21
55 -16 -97
-39 57 -97
55 31 35
-99 -6 84
55 31 -92
59 65 -85
-27 -34 -57
34 80 -92
44 -6 -92
15 -84 -43
53 61 -92
-99 -38 -85
-83 -12 -57
51 9 -11
51 22 -89
-16 -94 2
51 -71 21
-80 57 2
34 -38 -97
-83 -8 -43
-51 22 -11
51 57 84
-83 -12 53
32 53 -22
-27 -57 -60
-39 -34 -31
59 9 -34
-27 9 -62
71 31 -92
-99 -12 -14
-51 95 84
15 65 -31
-20 -84 -60
13 -6 -85
-83 -57 35
32 -8 84
32 80 21
51 95 -92
-51 65 -62
44 -71 -92
32 -12 -57
51 -94 26
53 -19 46
71 53 -60
55 -38 -44
13 -19 -62
66 -79 -89
2 -94 -22
15 31 -89
-51 -34 -60
-80 31 -72
-20 56 -62
-51 53 -60
2 61 -72
-99 -79 -43
-83 80 -31
53 31 -43
-99 -6 26
59 -19 21
-83 10 -44
-72 65 -14
-16 95 26
-27 53 -85
-39 10 2
76 31 -34
-83 -79 -60
-73 31 -22
15 65 2
-27 -79 -89
-73 -84 -57
-83 -6 -72
-83 -8 -57
76 -57 46
66 80 -97
-73 31 -34
-27 22 -60
-16 -34 -89
32 -57 -11
53 -57 -62
15 61 -57
-27 -19 46
13 9 26
-83 57 26
13 56 -72
53 -16 84
34 -25 2
-83 -34 -11
-73 -8 -57
71 -71 -11
-72 65 53
-73 56 -97
71 -94 -43
-20 -84 -44
44 56 26
-72 -94 -62
13 61 -34
-83 57 -62
53 -38 -79
13 -84 -60
-16 -8 -92
59 -94 -68
55 -84 -89
-4 65 26
-27 31 -92
-20 31 -34
-27 -84 -79
-99 80 -79
32 9 -44
-80 -34 -62
13 31 -31
-39 -38 -43
44 -25 26
-39 -71 -34
59 61 -68
44 65 -79
66 -6 -44
-72 -12 -44
-80 -8 -79
95 -79 -72
15 -34 46
95 -6 -14
-99 -25 -34
53 -25 46
-4 95 53
-73 -6 -72
-72 57 32
-16 -16 46
32 -94 53
-51 -25 -14
95 -57 -97
95 -6 53
-20 -12 -44
59 95 -68
51 -12 21
-80 -8 53
-83 56 26
-16 22 -89
66 -12 26
-20 53 -22
-73 -79 32
13 65 32
32 -16 -34
-39 61 -92
71 57 21
-16 95 -14
-83 -38 -14
66 -12 2
66 -38 26
-4 -6 -34
-51 80 -14
15 -38 -34
32 31 -14
-51 -16 21
-72 -71 84
-27 10 46
-4 22 46
-4 22 21
-83 -94 53
-73 -79 -97
-4 -16 -44
-73 -6 53
-51 -84 -89
15 -16 -11
51 -38 -22
44 -94 -57
51 9 26
-20 10 -92
-16 28 -43
53 -57 -43
-51 57 -62
-99 57 -11
44 -16 -14
-39 80 35
71 -19 35
66 57 -34
2 65 -68
-27 -19 -44
71 -8 26
76 80 -44
-16 -79 -97
66 95 53
15 -79 84
15 95 -72
15 -25 -14
53 10 -89
-4 -19 53
95 61 -11
53 56 -62
59 -71 -68
15 -34 -92
95 -12 -92
51 65 -60
13 -25 53
95 56 -68
-16 56 -97
15 31 -14
-51 22 -14
71 -8 -89
-27 22 21
55 80 21
95 80 32
-72 56 -79
66 28 -72
-27 -71 -11
66 -8 35
76 -19 -34
13 10 -11
-83 -34 -43
15 57 46
-16 57 -92
-73 61 35
51 31 -92
95 95 -57
-27 -8 -57
-4 53 -57
-20 95 35
71 31 46
13 -38 -92
-99 -12 21
13 -19 21
-27 10 35
15 56 2
55 28 -22
51 28 -34
-73 -79 -11
95 -8 21
-20 -12 -79
2 -16 -44
2 -38 -34
-27 9 32
-80 22 -68
-83 61 35
-83 10 35
-4 -84 26
-20 80 46
66 -6 -60
-73 80 -44
53 22 26
-4 -79 84
51 -16 -60
32 61 -14
44 22 84
-16 56 -60
55 -94 21
66 -84 26
-80 -57 -92
32 80 -97
-72 22 -44
51 53 -79
-80 -8 -62
44 -94 -92
13 -94 -89
44 95 53
53 65 -68
76 -71 -89
-51 57 -89
-99 -25 -89
59 -84 -34
-20 22 -34
59 53 -92
59 56 26
76 28 -79
53 31 -34
15 -71 26
66 -79 -14
2 61 84
13 10 -34
44 -57 -85
76 22 53
53 10 -34
66 -8 26
76 31 -57
95 -16 -44
32 -57 -44
32 10 -89
-99 -79 -22
95 -6 -31
-80 61 -34
13 80 -31
13 22 -97
-20 53 -68
13 -25 84
32 57 -79
-80 95 84
-83 61 -22
-51 -19 -85
55 -19 -31
76 61 2
-99 -57 -89
44 -12 -89
-27 -71 -79
-51 -57 -31
59 80 84
53 10 -72
32 9 2
-16 22 -11
76 -12 -57
34 -71 -14
44 9 2
71 10 -79
-72 -34 32
51 -6 -60
-72 -34 -34
51 -25 -34
76 9 -62
-27 -79 -11
-80 -71 -72
34 -25 32
55 -16 84
-51 65 -60
51 10 -60
71 9 -85
-99 31 -97
71 65 -14
-99 -71 84
-51 31 32
34 53 -92
-73 10 21
-39 -19 -22
-72 56 53
-4 -57 35
-99 -94 32
-27 -38 35
76 28 -92
-20 -6 -62
-80 -34 -31
2 -71 -57
-27 57 53
-16 -34 53
59 57 26
95 -94 -68
34 -34 46
51 56 -62
76 53 -43
55 56 -60
-73 57 21
66 -25 26
76 -71 -62
-51 65 -22
-51 -34 -85
13 53 2
32 -19 -79
59 -57 -68
53 22 21
-27 22 -92
13 61 32
32 28 26
95 31 32
32 95 -85
-20 -57 -34
-16 56 -89
-4 31 -92
-72 -71 -79
76 -25 -31
-20 -25 -44
59 -8 -34
34 -19 -11
71 65 53
53 57 -62
2 -8 53
-73 65 -79
66 -8 -72
66 -71 -68
76 31 -60
-39 -84 -85
66 -19 -14
-72 53 -68
44 -8 -97
15 -6 -92
13 61 -92
59 -16 -79
15 -8 2
34 56 84
55 -25 46
95 -16 -72
-73 28 -60
55 95 -31
2 28 84
-20 -71 35
71 -94 -31
32 10 -72
76 53 -57
-73 53 -31
-16 57 -97
-4 -34 -34
15 57 -31
-80 53 84
13 -25 -22
95 -19 -89
-72 -12 -60
-39 -84 -14
76 -6 32
-27 80 -31
76 53 -97
-20 -84 -92
-20 -94 -97
51 65 -43
15 9 -79
44 95 -11
71 53 -89
-16 -94 32
-99 61 -14
55 -19 84
-80 65 46
-4 -94 -34
59 -19 -14
-27 80 -72
-51 -16 -68
-73 -57 21
59 -34 -14
-72 -8 -68
66 -16 -31
66 57 -43
13 -6 -60
53 -38 -92
2 22 84
-20 -79 46
51 80 -72
-16 -79 53
-20 -79 -89
-73 61 -89
53 31 46
59 -16 -72
2 80 -89
76 80 -57
-99 95 35
-51 -6 26
95 10 -68
66 -34 46
71 -84 -89
15 53 -92
-72 31 -68
66 56 -62
2 -84 2
53 22 -62
-73 -34 -31
-83 28 -85
-51 -6 -43
95 65 -31
2 57 -68
-4 28 -60
-80 -25 -34
-20 61 32
-20 -25 -34
2 28 53
-99 80 21
15 -16 -97
51 80 -89
-27 31 -89
-73 95 -31
-20 -19 -85
44 -6 32
-72 -8 26
-99 53 53
44 -71 -89
-99 31 21
-99 -94 -92
71 -38 -68
-51 56 46
76 -34 -22
2 -79 32
-27 61 84
-16 -34 -79
32 -57 -14
-4 -34 -92
-99 -84 -14
-27 -84 -14
55 28 -79
-4 22 -79
44 -57 21
32 53 32
-20 -25 -89
-4 -57 -34
51 -84 -72
53 -71 -68
66 -12 84
-39 -84 46
2 22 2
66 -19 32
66 61 -68
51 -34 35
71 22 2
-4 53 -92
2 -38 21
55 -57 -22
34 10 26
53 31 84
-39 95 -92
-83 10 -43
-80 31 -57
-99 -94 -44
15 -16 -89
2 -79 -68
44 22 -72
-83 95 -57
15 53 -68
-39 -71 -89
76 61 21
34 -25 -68
66 57 -68
-4 95 -62
-39 -16 -44
-16 56 -31
15 -84 -62
-39 -6 -57
53 80 -11
76 -8 -85
-72 -57 84
34 10 -44
-27 95 -31
13 57 46
15 -79 32
-99 -25 -62
-16 28 21
-16 -57 -72
53 61 -22
13 22 -89
-99 -71 -34
-72 22 -11
-72 -57 -57
15 61 -60
32 56 -14
-99 -94 53
-99 -12 -44
13 -38 84
2 65 21
-73 65 -92
