-4 -64
74 10
-1 -64
-61 38
52 98
74 -83
10 -27
-54 -97
80 84
63 -65
-50 -64
63 60
-54 -70
-4 25
4 -64
62 -2
11 -27
-10 84
74 84
74 -2
80 25
92 25
48 22
24 35
10 75
15 22
-11 -70
43 -16
-54 -16
11 4
-7 35
-10 35
-4 -97
-89 -97
-89 10
43 84
80 -27
-89 22
89 38
-10 75
48 -83
-10 -97
-61 -84
-50 4
24 60
92 -56
-50 73
24 25
11 -33
-11 84
15 -2
4 10
11 -83
-41 60
4 -16
80 -43
-50 35
11 -65
43 -84
52 34
-54 4
-11 -65
15 98
-89 -65
15 35
-61 -97
62 -65
4 -27
89 -16
89 75
-1 84
24 34
52 -64
-1 31
63 -43
-41 -83
92 98
52 75
-48 -84
-89 -56
-61 -33
-1 -56
-7 -65
11 31
92 -84
-41 -97
-89 34
80 38
-7 -84
48 25
-48 75
62 25
-89 38
11 98
-54 -2
62 75
89 73
10 -56
52 -43
63 -16
