-43 -450
-338 304
282 -272
869 -250
447 597
15 -440
888 702
683 -464
-931 702
-701 -230
528 329
-644 -306
-931 779
-411 -274
784 874
-771 679
358 13
-529 -363
869 -464
341 -272
428 796
-378 482
502 -274
899 405
-98 916
-653 -490
446 18
-370 -925
78 213
-56 775
216 528
-468 155
675 -909
-793 466
-504 489
-56 -838
-346 -614
170 393
-550 324
-206 -42
856 -961
-951 -971
882 -464
-343 -198
-625 569
78 774
694 -506
338 482
532 779
-505 -867
-796 870
118 -819
-847 -739
642 702
-701 -505
40 -906
758 -989
170 -971
812 105
121 -102
-904 -274
-210 788
447 -412
193 787
-823 635
-614 -593
467 -131
-404 -144
840 491
977 -349
-684 611
-504 -68
891 555
-653 -189
-210 953
272 27
272 -218
-98 574
-74 54
-392 438
671 -302
-901 721
344 -311
-549 -267
-243 -765
-746 -318
338 207
-369 796
869 -506
170 -302
-343 -739
33 476
-644 -274
-350 -925
668 213
-878 308
64 -891
-660 155
905 2
675 -564
64 -450
812 -614
888 916
-687 197
-189 -774
871 911
66 796
-226 -239
-836 -120
272 -223
-922 -19
-239 -362
-836 -943
541 -819
-378 656
-189 146
-62 670
888 -891
-62 889
-378 -977
-240 339
-720 -35
-893 989
869 574
459 426
-182 479
-258 872
711 476
-550 -276
443 -228
841 491
443 213
676 -234
467 148
-726 27
429 9
711 512
-684 839
-199 326
496 971
-137 481
156 -677
-653 -402
-297 -909
291 336
888 423
-363 336
291 656
683 889
-140 -374
446 796
-378 -714
694 -305
157 -649
-746 -96
888 -349
-238 -739
-759 -14
541 -874
-365 -856
-759 -206
758 635
-294 -289
-429 329
-904 774
-904 -374
-877 158
581 -961
-904 679
703 -103
-277 85
-642 -600
-559 -874
357 870
-239 924
-922 13
611 308
-243 -662
905 -353
-333 -506
-771 577
-983 -593
-333 -965
-5 528
532 -144
-559 788
-504 -276
66 -349
-25 -102
-74 -274
-338 -24
-70 318
-812 405
-333 -103
694 -385
101 -248
-893 -14
-64 -134
-423 872
787 -677
-239 388
92 656
137 611
-146 911
-311 641
-684 919
-256 -468
66 -603
-301 711
841 479
-297 -579
149 336
-348 74
358 138
668 779
-796 -909
619 -626
-23 -272
871 424
-226 -464
64 -53
-577 971
-301 610
902 772
501 795
-761 670
-5 280
-301 -791
-642 -826
613 796
927 85
-12 -187
501 555
-577 701
429 -518
-644 -799
714 -230
-441 -276
509 423
899 -102
-12 870
37 532
429 602
121 -518
757 924
-675 54
-983 -971
619 -218
-660 796
193 -514
509 -600
496 -385
-365 -464
-294 -677
-189 -649
-545 410
611 481
581 -626
-243 213
-277 -799
-141 -977
-256 -695
501 130
613 117
-687 361
-771 -468
200 -957
289 721
-5 148
-503 577
977 -103
429 -774
947 -600
-799 970
899 280
-423 -234
-3 54
611 2
-127 417
869 -593
-877 393
642 -362
101 -233
772 574
-538 21
665 -711
177 -986
515 586
-550 -122
-847 -234
445 482
-570 -42
-759 207
-951 179
-363 -490
-301 -14
-720 953
-370 18
-951 874
-836 -867
137 -909
-716 138
888 610
611 -490
-780 482
841 -695
484 -305
378 466
927 -76
488 -318
-893 924
-429 787
676 -272
385 -986
177 989
-348 772
447 670
515 -285
613 -248
873 577
-343 -75
-893 874
-823 -957
263 -348
-291 155
927 -223
539 -250
484 -906
-792 870
-202 336
-25 489
-369 820
681 -826
502 -891
92 -997
-125 -267
-413 532
-503 -352
671 -505
935 679
-664 146
-5 -348
-311 -248
756 13
-404 77
856 479
683 -991
530 -693
-365 -973
703 -464
-343 466
-102 192
-570 -35
501 577
-202 -961
-240 -863
-404 833
-369 -55
882 -609
54 -267
40 -120
445 839
-549 -19
-653 197
694 840
-423 -218
454 -505
-369 -826
691 579
-664 -155
-350 -131
326 -318
-291 -943
502 721
-23 -693
-189 -103
-901 -276
-342 -564
-10 329
665 -967
-287 -228
-904 569
-343 -863
-529 -714
691 479
378 356
-267 679
142 -362
326 -593
-346 -695
291 -986
-577 -961
784 -909
905 -991
-904 -819
-304 -274
-393 -965
452 687
-370 834
902 117
-869 -32
-383 610
446 13
613 -289
509 656
977 -285
-404 -564
-951 -997
459 577
694 466
170 -155
-392 -989
-22 -96
902 -353
758 924
-182 -711
681 -24
-404 -989
-62 679
393 438
787 -693
-238 512
-287 -647
291 -593
-792 -234
772 769
126 -415
37 13
358 -120
-413 329
-836 775
784 138
459 479
784 424
899 -556
-146 574
447 -464
-5 788
-847 -131
619 -647
686 476
757 -96
528 -714
-795 555
-698 179
193 -305
-878 -838
611 656
326 424
378 -650
-62 54
-64 839
-701 213
496 -662
-338 -450
-799 9
216 -349
-836 702
272 -514
-506 -250
841 -336
-701 873
-435 -272
-383 -826
-505 -600
-614 -276
-258 870
907 158
-761 -81
942 -638
-333 -906
-716 617
149 953
882 -385
-12 -739
675 617
326 105
268 -276
-146 919
33 635
619 -402
-441 2
-202 555
443 339
338 -362
-787 -306
118 -614
-435 424
772 -826
758 361
-146 772
-199 961
613 410
344 138
157 -799
428 -276
-413 324
-291 148
385 -965
326 -206
546 635
-550 555
64 -505
-570 -925
-370 -440
-828 425
368 246
-62 479
603 -385
-3 687
-660 834
977 -986
-311 -305
418 -556
-369 -144
-506 -801
101 989
741 721
358 410
-550 -791
-503 -771
-210 -867
-43 941
-698 -819
-570 -230
-155 -81
-342 -299
-435 -450
-12 -961
-726 -289
888 -973
-614 872
-182 -514
447 840
-545 361
-333 -989
-411 426
378 721
-291 718
-550 512
812 -223
772 -603
784 711
681 361
-931 961
-363 -762
170 -223
-642 -838
484 971
452 -647
-653 -131
-759 -452
101 687
-847 -122
-951 -172
942 555
168 -336
-435 555
-836 -518
812 -506
856 -134
-137 482
907 970
326 -440
263 -505
-294 872
338 687
757 670
-504 158
687 796
970 -819
-146 -965
387 -991
840 -362
856 -440
-716 971
-698 -771
-43 -801
758 796
-812 -464
977 953
15 -997
-294 -765
-625 117
-127 528
539 491
496 989
-759 718
-869 179
890 -103
-393 532
-239 617
-506 426
-904 718
-64 787
-771 482
-505 -986
-125 -352
-287 641
385 -662
-210 -233
177 -649
-25 -677
467 -53
357 555
-812 774
15 405
-383 -299
238 -198
114 961
-155 -961
429 628
488 489
-951 635
-675 -187
-291 -285
-348 304
393 -285
-716 74
873 438
-182 -233
-338 144
-411 -906
443 -695
338 -838
-962 146
970 481
905 -986
78 -415
-140 -306
-495 -68
385 -464
-267 471
137 -506
-429 -262
126 85
818 -626
200 -973
-98 924
118 -609
787 -739
-304 916
446 329
942 617
-726 146
-684 -218
446 610
-226 820
-155 -248
-642 -357
-716 158
714 -262
385 -233
907 388
676 656
-570 105
532 -311
-363 -518
289 117
-383 54
-256 -230
687 2
539 -450
-378 971
-570 466
935 -68
-43 207
-239 130
-642 -233
263 13
-370 393
-238 769
-614 -134
668 721
818 -289
757 252
907 -849
78 919
757 -42
-660 833
-141 158
-202 -867
-493 -305
-823 158
-787 -986
368 -693
-211 -819
-189 -53
242 -957
443 -440
-701 -532
-74 -505
-5 -826
642 85
714 796
-931 796
488 -943
268 -778
668 -55
-43 670
452 130
-267 -362
-226 679
465 438
-155 -624
467 74
-951 -603
467 532
-559 336
942 18
-931 336
-423 -228
-210 438
-256 -374
-315 -614
-506 192
942 989
393 -464
428 -867
-346 -867
-435 -412
-62 481
691 763
890 170
-346 -925
66 697
-505 -874
851 -299
92 -318
446 -799
418 711
-559 -801
-901 479
882 -274
-140 970
-369 -626
268 117
-258 -230
216 924
-759 873
812 -739
787 -695
341 -739
-392 -997
263 74
691 -967
532 -374
-311 -155
-311 941
671 -556
64 -123
-243 -521
619 -739
-559 -131
168 787
-5 252
289 27
387 -774
-893 -239
-311 -402
-365 -906
-795 796
-505 -14
446 9
-429 -189
-189 336
675 479
-684 641
977 -18
378 775
-3 -206
-468 424
675 512
-687 -285
445 -248
-182 711
40 -603
387 -564
467 -276
387 -276
-258 9
-687 971
741 795
619 -32
-342 -262
-962 -638
-773 -120
-687 555
358 993
890 769
118 405
291 304
-983 532
-951 -53
756 -233
15 -374
-922 476
948 158
541 -957
64 -281
694 -233
-506 -289
-847 417
393 -172
428 105
-429 -603
-287 -122
-423 -35
-297 679
-664 -711
156 -281
871 -647
947 796
368 -514
-64 -96
-759 970
694 796
-812 -276
54 -172
-311 -965
-155 617
-495 -306
-348 438
671 763
-664 148
-294 -957
-780 304
443 971
-847 775
-291 388
-642 -352
-304 -867
170 -867
-435 774
-365 569
927 -95
429 577
-243 489
338 772
-272 -412
891 -771
428 -693
-799 763
-301 -957
157 -76
-931 -250
66 339
675 -662
-877 148
-529 -603
326 820
948 -19
532 -579
-301 -693
-240 -120
772 -468
121 -973
-370 -956
-644 308
289 -32
484 424
694 -363
-761 -24
613 -96
890 117
496 -624
-240 324
686 -514
-297 -206
902 -206
-441 -961
619 579
-12 -250
-792 774
851 532
488 417
-653 -349
772 9
970 -891
-267 -695
515 213
-720 252
114 -374
454 -272
-962 -650
-226 -262
841 423
-726 -233
-182 -19
-931 54
-951 18
-23 -144
948 197
-423 -991
-812 -352
-664 476
-951 -990
-642 -281
344 -626
-698 192
6 -96
675 -650
703 796
-393 721
78 -693
741 21
387 -198
603 85
691 -305
501 -863
528 763
149 207
156 146
772 -973
378 -906
787 -909
200 628
-5 635
-137 -144
-350 54
54 617
882 611
137 -299
-102 144
459 -579
-182 213
-226 993
-787 425
66 -791
-529 -965
528 -711
-350 -838
137 9
902 130
-393 586
-287 787
-70 -891
-931 -189
873 -206
-549 579
-363 -556
338 138
-836 -799
-182 -239
-653 -967
541 -464
358 466
-687 772
-10 -357
-98 21
-256 -791
289 424
193 -55
840 628
-877 -374
948 2
-12 -514
465 528
-12 -826
-23 -233
-243 -774
-383 -593
851 192
-459 -120
-812 970
-140 -638
-549 -714
619 -638
268 -579
242 -997
114 -131
611 144
170 -189
467 941
546 -250
37 -714
168 155
-538 -856
-199 -693
-878 -103
-155 426
970 775
642 873
841 512
438 336
282 27
200 324
289 -991
452 9
-338 -348
496 -891
691 117
-64 -957
-240 -838
-411 -791
-226 884
-226 246
-901 -75
-495 361
687 528
